541241
392019
55804072
800000568
800001718
9779785
101461
3325827
800001783
3326413
800001096
55860985
4599165
55751139
101882
5865253
55756330
101500
10115859
4859927
82751
800000841
1354564
102674
4267687
55850071
800001784
593341
5852706
14973559
102598
3935330
4460587
55744355
55803230
800000950
55745368
55735049
37610473
436980
5872120
15516043
3486458
101389
55807734
4434658
89634
5252718
5481096
5918541
55798545
530228
55737387
490886
56060820
101345
482198
3325524
56095554
15647638
41443783
800002360
55848798
224444
55859481
380677
800001701
445808
55768596
102142
55781289
55755303
3443764
516915
56054692
398309
55763684
55787804
821535
377848
738455
630273
400723
101494
5015167
380903
101452
800000940
50000354
764864
10400776
81774
101803
55809113
101334
800002392
642250
800001719
5890724
810895
590136
55752089
55755306
56095557
9778216
711993
732090
14480074
102134
55824656
55755305
5307497
643902
37755554
663312
3326825
56095556
55851128
55821461
13865992
800001627
9555534
55766427
102419
1354069
621344
81624
55760549
55860984
33415747
9712985
55776553
5437843
800000439
4859876
101593
55789793
161102
43748
719232
196800
55735048
4093463
4378415
55798953
843367
55789223
15846954
409181
55744120
1357002
471201
55817413
5744626
540494
55810308
800001720
55853850
571524
179846
800001352
548214
55823194
56080880
56082496
800002777
800000462
33406660
800000063
5245328
102376
556389
9590868
13664258
55770867
55751076
55771266
416123
55749637
595047
5323995
800000276
55855636
800002381
150705
410106
101879
55790224
3323093
531617
55793758
56047479
697057
378011
55806614
55783109
9582059
378315
101451
9603086
5384194
380310
438424
56048869
865728
5039641
55859554
735534
55763439
380763
800001112
638537
55766123
244405
692540
800002349
800000460
55762647
5637394
33407777
55821907
41555353
55809073
751495
35860
14274200
55820144
800000171
157960
165536
102538
587460
55825169
100907
55781186
800000468
33526456
76216
380852
9781111
778928
697404
502928
800000273
5744673
102101
55777057
9592405
289071
219682
225745
4637375
568971
412153
5222106
101219
1355126
1357735
519036
9595390
3462343
378846
55764401
800000943
863662
132648
102033
800002347
800001092
491690
305745
1354049
800001412
55755299
9596300
723789
613911
55809474
379259
55830113
747845
66123
5047994
55815321
101959
800000465
1357163
800000807
55859484
749355
5903008
393763
598211
55837925
9784232
395730
582543
9629560
800000173
580404
55763608
533670
30502
3443778
3327308
800001512
10586330
800000680
3764417
55820193
403368
800001373
102224
101534
118479
800001164
101524
91498
546431
800001569
798310
759211
4253381
79159
55781104
491253
654017
55839130
9577914
55859482
137167
33399699
840971
293337
673273
800001509
733517
55766122
55801674
6091288
3321940
724579
91794
55838234
558968
9878789
853999
634390
5258329
800001513
56037994
800002388
800000993
5746034
500696
55800372
750353
55859512
696698
56025351
55744282
724870
401847
552818
4248415
55762425
706975
800000501
70346
118498
101532
14961519
655067
55789791
477094
55844248
55790939
503895
3804002
55735302
102061
55797983
801647
800001216
669381
756225
800000756
800000923
800001371
497523
137520
55807583
55750412
273170
800001085
55763798
55764410
4598171
53707
800002379
101716
4458462
669666
814067
1354411
561653
478345
71907
55824889
606550
91495
639717
101944
87425
800000498
55803870
55774584
769144
69299
637339
56085616
800003577
4355765
55766129
102249
10222097
55765236
800001097
9813042
55764462
55824694
563050
55758097
3937914
742983
50018778
629914
9741759
800001103
421417
55790257
800001088
447440
15644253
9474232
55777736
5763347
791434
102310
9608391
371238
98364
55754448
575163
515372
56025029
668961
411666
800000381
380258
816428
55764405
101921
238244
55747270
55820192
702673
800000730
101638
671988
1354965
55803169
407800
232632
56074033
717140
95979
525143
3442056
121868
55817411
800000272
414805
446850
482096
55756716
764667
9826358
800000983
228569
56084031
378131
55833810
740589
4355402
9577934
376795
55838516
6017966
56026154
55753858
1353945
800000053
86936
720527
581032
807910
586624
9856230
55820221
696814
538575
800000265
74156
55859513
472783
274529
800001257
800000167
710232
55766124
450414
53089
661195
378093
53888
637393
55757917
102028
800000815
60575
55752874
800000791
3649467
56048305
55760024
101648
9570377
102186
800000567
800001546
630008
402906
600614
380524
800002780
101671
383685
101435
65582
56082418
800001401
567554
102007
9629530
9779260
55798527
839288
55813323
55806239
101870
643981
407881
62030
628211
9786348
800002387
227784
536802
6116979
55747510
56045186
843734
800000811
5763290
204431
5763246
523905
790437
9504442
102207
55745048
131175
474660
55777526
55777427
766140
696632
1356945
505766
3526005
695974
664785
562539
55831954
1355431
800001256
433186
4462837
55750677
101460
244392
800000982
3637610
225679
380671
55828509
810371
9745113
647240
55787807
593660
102356
50018545
670396
40593754
30225
530313
55752481
9759305
56049192
24099930
388349
631490
3325488
87728
569981
127499
45693
3324809
60444
55786826
456449
84881
4967767
228887
300432
3770755
55754190
186009
427554
139845
102328
379302
470564
371831
55813369
801419
451381
707057
13436179
55799817
462202
14766309
221590
800002528
250810
800000175
55759841
102343
546863
55759137
800000932
762563
55812342
56090470
15930677
55802786
63714
3321783
55753480
468380
5723010
75821
306708
55741291
9784230
520147
9482834
4691486
14490527
55789248
55793969
14225353
225874
56034037
800000156
800001520
587521
4184007
32119
5470658
542249
55754004
56040966
56078959
37613393
236937
54927
56049867
800001744
15905316
4269984
33556
485023
101841
41440532
800000155
800001283
55777176
153536
229648
55766128
4854608
101873
307799
806993
589970
800000708
14629751
55771277
861204
55810568
3642936
800001757
428276
82992
9588183
55805321
102316
463142
55784241
433060
235619
716459
115143
101426
757732
219461
429969
101238
55780594
55793540
63728
402929
833904
548453
9825921
101563
800002403
502614
55802787
41448172
55800122
272206
63056
55788822
5902347
9583773
218595
4635242
41436881
70417
87124
455204
70536
800000915
40963
476200
55826317
55747396
55718466
667811
513438
101138
1354450
55771273
1356849
13627439
55761266
57730
800001353
508952
55835971
9807386
55849036
55775018
55807739
1354142
25626
800001739
594135
57043
800000458
35438
436512
100888
800000490
90525
55855524
16059
56096309
723939
800000677
457217
244956
550797
53495
714289
55813974
138094
55766120
311703
55736889
55750098
9661399
55838517
55759043
55862686
4753078
159821
300501
101585
818515
770719
484303
171691
101298
849712
769186
102458
610977
4374347
800001345
800000731
50027767
27926
56075923
1356861
55738142
55744441
228576
55772272
55747149
3323023
46674
410699
70736
55766115
101670
55768099
812667
4256302
55746012
15767705
55800197
55859555
253148
55803193
503494
368776
9890996
27531
79609
3326833
13967916
668119
1358016
573127
800001314
55777094
207753
56039979
227801
55784035
98990
56052305
153631
56040513
864698
101673
4598387
9966668
4355461
55770293
373231
55790250
43865
125263
50024649
782614
579674
421902
800000231
55786699
611588
55789784
31662
56048639
370926
841199
800000483
9791277
488335
105779
705643
518703
56089076
4557299
398602
715400
283550
55756329
5119727
279093
5944910
55802583
102389
55780285
373194
3735664
5334223
15525744
681658
30009
56027636
55799002
631385
756033
56071928
64095
1410955
4913186
545208
705267
4152887
55783612
9778149
617886
55805319
126365
55820154
800000443
36029390
55751836
56085613
800000256
55833001
87797
826844
21465
55859483
55803253
262385
55747478
769047
800000947
224809
376988
583500
55820647
56051081
426981
771799
280811
418251
9604391
674368
595723
5039439
102297
472773
101458
55859523
102277
55765378
41443784
439504
680706
800000813
55859487
4031455
388581
55729641
56081216
90360
55816421
55806541
753344
4815284
198721
55818173
5471352
55782877
1356882
594730
393152
378049
4965291
499468
739787
11963411
55815992
29532
55824078
14630116
55786561
569583
55810557
55776038
88005
10768270
42261
219434
742368
502655
55747399
41614380
101810
9779587
256429
770890
56039976
800001372
794729
264686
53792
110553
56081680
800000253
55734963
800000552
378066
637673
702684
9589750
151347
3462497
800000247
3773180
55734983
55859572
50602
88240
55814748
55854570
9474962
745168
645585
800000916
9573409
800000797
800001121
738094
102633
530516
41666258
121415
14824868
101767
769401
55800585
56082640
55826289
477822
819527
56060382
56088019
800001107
13757604
172551
398427
60640
102044
228845
102020
41323
504061
9588228
102023
546959
774785
85927
800000707
5245362
100830
156077
4359909
9692354
9830490
800001670
55766306
829013
100757
677802
539875
710528
604254
55780627
55833614
45107
792217
55768128
55788755
3325756
4462703
1356960
711318
55835965
33402607
55803380
94627
560480
55744454
790291
55855057
740462
55833012
55800247
772393
37606150
466252
3482029
99086
55821849
9671947
55817157
800001046
614409
53710
55859525
56039974
1355132
5214736
800000766
55785499
55762432
9588576
101757
56089626
800000275
1355175
521243
851043
495259
255396
55717805
134335
800001522
55791268
55804028
849396
517635
56074972
298338
102331
684639
824771
9830303
55793751
800000437
308381
381957
835624
653574
55757579
55857748
199259
9683306
102141
673057
5157430
28618
679480
56083276
3764391
55859516
58770
55815224
55828307
9779915
4414284
14783724
67971
456375
687040
1355336
800002378
800002375
14816933
33991
5702092
708072
4514245
219885
14838383
4815832
5242862
733909
101633
56024803
220765
507121
88382
4253451
55752433
800001452
622537
377142
458410
55756331
507895
55833615
55768685
45766
102502
793882
577713
179259
55802788
55735661
56025762
55790218
4356581
55837968
9485540
608634
377035
261478
55791339
85790
1358444
5270490
5225705
1353859
9777393
78754
518479
823563
9884308
233150
101046
101575
9755532
55747378
229793
55718769
691712
56050718
800000800
800001810
800001754
55817274
554721
9984546
55776116
824115
9474548
532621
601050
245857
55773600
101988
55815333
56076654
9476751
4515440
55779164
569956
89942
830719
376186
55863494
55854472
391227
55775029
594952
753712
4860089
660868
513829
50018471
101796
146018
41439179
56079200
141470
407121
233115
4347351
3336452
55780274
160740
595067
524483
854134
611666
736001
162624
55825037
800000784
489079
801244
9780055
55823171
305770
769780
102596
48859
55766297
55859506
143347
273023
55773384
55776704
9778934
55842700
50023227
9578648
846072
579046
5155772
378302
56042410
78796
675445
25768
55741926
4086934
5329477
55790256
55820852
190757
378833
3462644
410748
668895
189753
55744474
26187
4799959
3728751
250160
762170
56094502
3322046
56079483
3781850
56079379
823625
9769636
35478
56084462
800001525
55774290
212113
55864806
4840910
617297
55786565
71140
15237822
867197
133187
3930677
33391530
10613369
30625
55801400
55803146
850824
7691
21192
55831955
800000753
403588
612680
702732
70777
153908
585151
72361
102507
711587
50024576
138749
29351
5555092
101596
595462
55814418
507064
55811703
55834346
717581
800001137
242062
149664
59836
249748
232719
761151
9619902
9744769
390652
734276
399444
21173
800001634
390107
55802361
812839
788679
585756
80336
664717
9675916
800000948
55775857
90601
101835
46366
853753
493778
56093331
164339
58815
4116114
55771765
13832779
307655
651561
55803147
124572
4516814
9497966
55817100
4881421
3474036
56084008
55815265
5469169
55749862
800001042
9483008
215909
41374024
428481
9778994
55752091
800001745
9727691
800000926
125683
55736096
100746
769275
391296
5744575
5923398
6048188
800001235
56024365
9776336
55803482
587131
52822
153052
3885567
55831751
55813382
84713
9887909
101968
55859510
55803481
792886
14721653
55829261
853696
266353
149171
67988
651698
99643
789470
55777481
800000699
376753
9477816
614195
766134
9545278
377873
55777510
139655
3717423
244987
35045
800000561
1357646
609920
5659265
602538
730807
233091
41263
533164
302885
723622
3325945
9785503
55738474
55806092
731024
763226
55785179
55853630
800000996
9592566
55830549
55818014
9544147
800001521
55802439
478675
99553
55786700
56068980
3374966
623971
55851126
182704
501723
5382125
764233
55823172
3860983
216313
616065
584972
229660
56070871
55779570
271881
735029
733140
55736199
800001716
5389107
800000675
55764409
228666
39848083
9671667
55800529
800001099
56026153
800000725
572850
55778086
9828937
55766015
9504908
448969
55782767
800000527
55784645
268374
33068
418752
596806
36216
56130
800000927
55818356
55741991
10402399
55747394
424840
273704
143927
56037989
55798706
4483097
412617
55788793
513517
55822318
101713
5211697
4710470
1353962
15156541
567479
715546
55825737
55802360
404878
56096214
146588
95185
640242
288120
55766774
55762645
252006
55831581
3325723
800000489
761494
102070
725332
191942
410001
3325763
55814422
55771848
42406
785646
377235
33839
274383
37771768
55815498
59744
55738794
397078
225893
56068978
4674609
685955
129512
758706
672612
379060
70906
9494147
55744731
55842694
3843174
525973
615971
5538528
38003570
306360
300524
527452
62276
53887
822731
56096310
41423807
377709
55790233
535290
800001146
99676
55788886
301091
55787342
55798976
56047470
55859524
774353
41443629
55735481
133158
800001447
737025
55842749
4868277
495146
55828278
800000060
380358
102017
55773825
178069
94171
61132
4143516
64604
102281
800001080
766235
4005027
851954
377960
638844
35357
501343
55802336
102577
168883
5824752
735014
800002296
260254
690371
516392
613848
5825502
801424
624037
56077860
510018
551858
851542
848583
65361
530875
3323201
553719
30767
575891
583557
658118
55842752
772970
798360
417002
56554
55813071
800000385
33746
55790225
88810
55765111
558772
800000763
430532
3707159
9781129
405181
800002684
764799
390872
716308
55771455
401377
101934
830625
3430082
4374234
841419
74936
203310
3326970
5581753
9610310
307889
679978
776801
55736426
52263
3807222
786727
55829036
389961
5553656
176415
91561
573076
87315
767680
466129
538488
222407
41443668
55859491
411652
50024863
767044
4377472
299444
55738057
4537838
9646989
81816
4948721
4145766
5763256
61292
3489641
4959679
56048822
5199144
524072
567970
9608733
55842750
4186665
464710
500210
806013
800001308
800000048
9860665
90306
20206
215685
442511
543195
273097
690759
300479
55744781
423020
55820616
39569
154712
698054
5275451
56060353
224397
56085370
56066233
9589726
417308
596810
4355864
81827
55784029
100811
55787450
5113323
84884
15869329
800002383
629641
9870034
550808
800001681
9620021
102234
9477676
9827058
55819621
779382
800001095
86621
800002386
800001437
700060
462577
808429
4800160
618970
800001526
841374
568954
50032
418273
711853
371973
55766985
377094
551399
396185
102273
847582
138492
801425
814013
698423
483588
854130
133363
55860907
682184
800001607
41332569
50025032
55810556
651864
55741820
5039186
55735372
55764415
638160
555373
44143
694704
844338
94151
38000906
5043465
37606533
3669199
55824132
653274
55746894
5814390
395132
5862280
5992319
9595111
3510683
55823168
101536
221308
56058162
300444
714300
169845
185797
5563191
5159626
394279
836333
83834
41363536
410527
5179193
55807558
56030306
399646
55830238
49447
431956
555219
55800441
280967
9580471
55735592
56076281
56040794
50017529
397098
681632
800002275
56066711
35532
420244
839137
800499
101434
63068
705326
5638467
720602
3655848
494112
9592768
833084
423196
35222
55839991
55766172
55803290
23090
33417161
800001816
4210789
431039
537645
466930
10583883
9861931
55743840
13654071
55819834
771443
55737531
767913
744568
5497496
55803716
194177
795770
55750876
521911
711574
29661
55852721
56059149
627637
377151
709258
84414
484298
4895055
580926
87922
9827685
569263
102200
96796
65295
9620731
800000463
455586
55810309
27780
3457150
745515
430088
55782973
712705
